5.7323833549529395
3.833155866670029
7.665246992468656
11.495208932278988
15.321977832410987
19.14449072610956
22.961685828816243
26.772502833102564
30.57588320319303
34.37077046899605
38.15611051956107
41.93085189588036
45.69394608295424
49.44434780103849
53.18101529599309
56.902910628651696
60.608999963131396
64.29825385400268
67.96964753223996
71.62216118987287
75.25478026325993
78.86649571490508
82.45630431373945
86.02320891379021
89.56621873115914
93.084349619234
96.5766243420563
100.0420728457694
103.4797325280717
106.88864850559997
110.2678738791686
113.61646999679108
116.9335067144106
120.21806265426737
123.46922546083111
126.6860920542271
129.86776888108602
133.0133721627474
136.12202814074809
139.19287331952722
142.22505470628062
145.2177300478977
148.1700680649153
151.08124868242334
153.95046325785796
156.7769148056194
159.55981821845182
162.2984004855234
164.99190090714674
167.6395713060795
170.2406762353464
172.7944931825255
175.30031277044134
177.75743895420965
180.16518921457865
182.5228947475134
184.82990064997023
187.0855661018103
189.28926454380084
191.44038385165553
193.53832650606486
195.5825097586702
197.57236579393427
199.5073418868643
201.38690055654297
203.2105197154253
204.9776928143597
206.6879289832927
208.34075316761857
209.93570626013596
211.47234522857474
212.9502432386575
214.36898977266208
215.72819074345162
217.02746860394043
218.26646245196613
219.4448281305376
220.5622383234321
221.6183826461143
222.6129677319523
223.54571731370618
224.41637230026754
225.2246908486273
225.9704484310528
226.65343789745526
227.27346953293008
227.83037111045414
228.32398793872568
228.75418290513306
229.12083651384066
229.4238469189813
229.66312995294646
229.83861914976524
229.95026576356693
229.9980387821211
229.98192493545207
229.9019286995247
229.75807229500128
229.55039568106915
229.27895654434133
228.9438302828326
228.54510998501635
228.08290640396712
227.5573479265965
226.96858053799113
226.3167677808621
225.60209071011747
224.8247478425704
223.9849551017969
223.08294575815853
222.11897036400626
221.09329668408466
220.0062096211542
218.8580111368535
217.64902016782304
216.37957253711383
215.05002086090522
213.6607344505582
212.21209921003154
210.70451752868837
209.13840816952433
207.51420615284684
205.8323626354392
204.093344785242
202.2976356515874
200.4457340310216
198.53815432875382
196.57542641576896
194.55809548164476
192.48672188311374
190.3618809884122
188.18416301745924
185.95417287791088
183.67252999713367
181.3398681501458
178.9568352835725
176.52409333566496
174.04231805243288
171.5121987999416
168.93443837282598
166.30975279907418
163.63887114113552
160.922535293408
158.16149977616107
155.35653152595168
152.5084096825912
149.61792537272277
146.68588149006894
143.71309247241078
140.70038407536043
137.6485931429899
134.55856737537965
131.43116509315183
128.26725499905356
125.06771593665592
121.83343664623662
118.56531551791336
115.26426034209665
111.93118805733187
108.56702449559985
105.17270412514735
101.74916979091853
98.29737245265963
94.81827092076962
91.31283158997014
87.78202817086874
84.22684141948993
80.64825886484932
77.04727453464633
73.42488867915174
69.78210749336687
66.11994283753144
62.43941195605775
58.741537194969354
55.02734571792262
51.29786922089013
47.554143645585015
43.79720889170612
40.02810852808362
36.24788950280549
32.457601852405375
28.658298410192444
24.851034513804535
21.036867712065572
17.216857471228792
13.392064880687398
9.563552358234308
5.7323833549529395
1.8996220598209765
-1.9336668958908492
-5.766418734342812
-9.597568826890972
-13.426052989810511
-17.25080777989547
-21.070770789852823
-24.884880943408742
-28.692078790045244
-32.49130679928512
-36.28150965444367
-40.061634545765386
-43.83063146286436
-47.5874534863871
-51.33105707881667
-55.060402374337606
-58.774453467680765
-62.47217870186816
-66.1525509547777
-69.81454792444829
-73.45715241304607
-77.07935260941272
-80.68014237011772
-84.25852149893609
-87.8134960246743
-91.34407847726693
-94.84928816206765
-98.32815143225797
-101.77970195929854
-105.20298100134747
-108.59703766957136
-111.96092919227499
-115.29372117677626
-118.59448786895366
-121.86231241039441
-125.09628709307121
-128.29551361147773
-131.45910331215208
-134.58617744051915
-137.6758673849837
-140.72731491820556
-143.73967243549072
-146.71210319023152
-149.643781526331
-152.53389310754642
-155.3816351436886
-158.186216613614
-160.94685848494765
-163.6627939304762
-166.33326854115043
-168.95754053563846
-171.5348809663714
-174.06457392202404
-176.54591672637468
-178.97822013348812
-181.36080851916873
-183.69302006862938
-185.9742069603246
-188.20373554589693
-190.38098652618618
-192.50535512325305
-194.57625124836918
-196.59309966592667
-198.55534015322235
-200.4624276560713
-202.3138324402075
-204.10904023842878
-205.8475523934454
-207.52888599639292
-209.15257402097035
-210.7181654531667
-212.22522541653976
-213.6733352930123
-215.06209283915211
-216.39111229790393
-217.6600245057414
-218.8684769952103
-220.0161340928339
-221.1026770123534
-222.1278039432776
-223.09123013471722
-223.99268797448056
-224.8319270634085
-225.60871428492817
-226.3228338698061
-226.9740874560827
-227.5622941441716
-228.0872905471082
-228.5489308359341
-228.94708678020407
-229.28164778360488
-229.55252091467563
-229.75963093262163
-229.90292030821408
-229.98234923976997
-229.997895664208
-229.9495552631768
-229.83734146425473
-229.66128543722004
-229.4214360853926
-229.11786003205012
-228.75064160192207
-228.31988279776678
-227.82570327203786
-227.2682402936482
-226.64764870984064
-225.96410090317585
-225.2177867436494
-224.40891353595126
-223.5377059618825
-222.6044060179452
-221.60927294812265
-220.55258317186897
-219.43463020732744
-218.25572458979983
-217.01619378548844
-215.7163821005354
-214.35665058538436
-212.93737693449089
-211.4589553814099
-209.92179658928885
-208.32632753679715
-206.67299139952388
-204.96224742687627
-203.19457081451333
-201.37045257235016
-199.49039938816944
-197.554933486878
-195.56459248544795
-193.51992924358177
-191.421511710144
-189.26992276540105
-187.0657600591141
-184.8096358445288
-182.50217680830906
-180.1440238964613
-177.73583213629823
-175.27827045449078
-172.77202149125958
-170.2177814107571
-167.6162597076931
-164.9681790102574
-162.27427487939428
-159.53529560448513
-156.75200199549468
-153.92516717164003
-151.05557634664012
-148.14402661060618
-145.1913267086325
-142.19829681615045
-139.16576831110729
-136.09458354303314
-132.98559559906033
-129.83966806696031
-126.65767479526382
-123.44049965053055
-120.1890362718366
-116.90418782254697
-113.58686673944271
-110.23799447927217
-106.85850126279664
-103.44932581640175
-100.01141511134614
-96.54572410071991
-93.05321545418617
-89.53485929057885
-85.99163290843154
-82.42452051451197
-78.83451295043754
-75.22260741744792
-71.58980719941113
-67.93712138414003
-64.26556458309656
-60.57615664956191
-56.86992239535032
-53.14789130614586
-49.41109725554069
-45.66057821785472
-41.89737597981597
-38.122535851182136
-34.33710637438347
-30.542139033267727
-26.738687961028106
-22.927809647395218
-19.110562645174532
-15.288007276210736
-11.461205336860688
-7.631219803056842
-3.799114535042961
0.03404601813575447
3.867197114306125
7.699274013921857
11.529212275817681
15.355948052880612
19.178418387556185
22.99556150710763
26.806317118545888
30.60962670314865
34.4044338104865
38.18968435187462
41.964326893168355
45.72731294682158
49.477597263126405
53.214138120553685
56.935897615113355
60.64184194865441
64.3309417160245
68.00217219100904
71.65451361097095
75.28695146011138
78.8984767512732
82.48808630620866
86.05478303423361
89.59757620919075
93.11548174464488
96.60752246723402
100.07272838810009
103.51013697232403
106.91879340629048
110.29775086290762
113.64607076460855
116.96282304406132
120.24708640251498
123.49794856570993
126.71450653728157
129.89586684958687
133.04114581188406
136.14946975579662
139.2199752779932
142.2518094800165
145.24413020519398
148.1961062725647
151.10691770775773
153.97575597075763
156.8018241804934
159.58433733618952
162.3225225354164
165.0156191887808
167.66287923119546
170.26356732967054
172.81696108756768
175.3223512452613
177.77904187715055
180.1863505849674
182.54360868732766
184.85016140547106
187.1053680451403
189.30860217454753
191.45925179837914
193.5567195277904
195.60042274634324
197.5897937718401
199.52428001400997
201.4033441280021
203.2264641636449
204.99313371042885
206.7028620381729
208.35517423333502
209.94961133092983
211.48573044201572
212.96310487671684
214.3813242627453
215.73999465939067
217.03873866694576
218.2771955315371
219.45502124533223
220.57188864209516
221.62748748806376
222.6215245681239
223.5537237672561
224.42382614723232
225.23159001854182
